6 0.930505 5.19997 1.20103 5.67341 0.420227 5.96017 0.320245 5.44612 0.523631 5.37524 0.721838 5.27644
8 2.32883 4.42205 2.44965 4.49285 2.15599 4.88984 1.9517 4.72434 2.01428 4.58376 2.05081 4.42566 2.07902 4.30569 2.20474 4.35965
8 2.47578 2.78795 2.62597 2.75415 2.73362 3.47643 2.3223 3.48391 2.30085 3.28203 2.22964 3.07559 2.17386 2.84425 2.32498 2.81795
8 2.01419 1.63634 2.11218 1.57108 2.46767 2.22227 2.14357 2.34203 2.05897 2.13588 1.93588 1.93814 1.82437 1.73244 1.91042 1.69362
6 0.713613 0.911684 0.966905 0.534517 1.45261 0.887182 1.3048 1.08721 1.11411 1.02675 0.907609 0.989394
6 -0.930505 5.19997 -1.20103 5.67341 -1.70106 5.33351 -1.52696 5.09562 -1.33849 5.14506 -1.13353 5.16098
8 -2.32883 4.42205 -2.44965 4.49285 -2.73362 3.47643 -2.3223 3.48391 -2.28102 3.74296 -2.18485 4.00414 -2.07902 4.30569 -2.20474 4.35965
8 -2.47578 2.78795 -2.62597 2.75415 -2.46767 2.22227 -2.14357 2.34203 -2.16976 2.5068 -2.16288 2.68357 -2.17386 2.84425 -2.32498 2.81795
8 -2.01213 1.63758 -2.11218 1.57108 -1.88035 1.28839 -1.71273 1.43347 -1.75795 1.52501 -1.78532 1.63016 -1.82437 1.73244 -1.90833 1.69467
6 -0.713613 0.911684 -0.966905 0.534517 -0.40501 0.20413 -0.218966 0.552261 -0.373962 0.684388 -0.538666 0.806705
5 0.40501 0.20413 0.218966 0.552261 -0.218966 0.552261 -0.40501 0.20413 0 0
12 -0.218966 0.552261 0.218966 0.552261 0.377371 0.68712 0.542996 0.809636 0.713613 0.911684 0.215297 1.52244 0.0794928 1.49262 -0.0706805 1.49147 -0.215297 1.52244 -0.713613 0.911684 -0.538666 0.806705 -0.373962 0.684388
18 0.0794928 1.49262 0.215297 1.52244 0.493661 1.63115 0.761268 1.76039 1.03489 1.84049 0.831777 2.04224 0.610299 2.22898 0.368563 2.38421 0.162069 2.46594 -0.115994 2.4764 -0.368563 2.38421 -0.600133 2.23661 -0.824228 2.04921 -1.03489 1.84049 -0.75111 1.75619 -0.484965 1.62708 -0.215297 1.52244 -0.0706805 1.49147
18 0.162069 2.46594 0.368563 2.38421 0.671462 2.63101 0.932698 2.7562 1.20377 2.85267 0.954246 3.05573 0.688749 3.24236 0.405907 3.39737 0.168948 3.47906 -0.130088 3.48697 -0.405907 3.39737 -0.679858 3.24799 -0.947505 3.06087 -1.20377 2.85267 -0.932698 2.7562 -0.671462 2.63101 -0.368563 2.38421 -0.115994 2.4764
18 0.168948 3.47906 0.405907 3.39737 0.690682 3.6851 0.940365 3.85873 1.20171 4.01219 0.89098 4.17736 0.574299 4.33274 0.248653 4.46715 0.0970112 4.51068 -0.0818198 4.51372 -0.248653 4.46715 -0.57076 4.33437 -0.888507 4.17863 -1.20171 4.01219 -0.940365 3.85873 -0.690682 3.6851 -0.405907 3.39737 -0.130088 3.48697
14 0.0970112 4.51068 0.248653 4.46715 0.930505 5.19997 0.721838 5.27644 0.523631 5.37524 0.320245 5.44612 0.105122 5.48192 -0.114312 5.48116 -0.320245 5.44612 -0.529594 5.37257 -0.727645 5.27379 -0.930505 5.19997 -0.248653 4.46715 -0.0818198 4.51372
7 -0.420227 5.96017 -0.320245 5.44612 -0.114312 5.48116 0.105122 5.48192 0.320245 5.44612 0.420227 5.96017 0 6
6 -0.966905 0.534517 -0.713613 0.911684 -0.897157 0.986458 -1.10257 1.02434 -1.3048 1.08721 -1.45261 0.887182
16 -0.713613 0.911684 -0.215297 1.52244 -0.484965 1.62708 -0.75111 1.75619 -1.03489 1.84049 -1.28349 1.85797 -1.54865 1.82095 -1.82437 1.73244 -1.78532 1.63016 -1.75795 1.52501 -1.71273 1.43347 -1.59634 1.29082 -1.45571 1.17095 -1.3048 1.08721 -1.10257 1.02434 -0.897157 0.986458
18 -0.600133 2.23661 -0.368563 2.38421 -0.671462 2.63101 -0.932698 2.7562 -1.20377 2.85267 -1.50901 2.90798 -1.84225 2.88971 -2.17386 2.84425 -2.16288 2.68357 -2.16976 2.5068 -2.14357 2.34203 -2.05485 2.12836 -1.93234 1.93238 -1.82437 1.73244 -1.54865 1.82095 -1.28349 1.85797 -1.03489 1.84049 -0.824228 2.04921
18 -0.679858 3.24799 -0.405907 3.39737 -0.690682 3.6851 -0.940365 3.85873 -1.20171 4.01219 -1.47819 4.13267 -1.78038 4.20888 -2.07902 4.30569 -2.18485 4.00414 -2.28102 3.74296 -2.3223 3.48391 -2.29756 3.26897 -2.22607 3.06471 -2.17386 2.84425 -1.84225 2.88971 -1.50901 2.90798 -1.20377 2.85267 -0.947505 3.06087
16 -0.57076 4.33437 -0.248653 4.46715 -0.930505 5.19997 -1.13353 5.16098 -1.33849 5.14506 -1.52696 5.09562 -1.69753 5.00197 -1.84349 4.87028 -1.9517 4.72434 -2.0162 4.57757 -2.05192 4.42095 -2.07902 4.30569 -1.78038 4.20888 -1.47819 4.13267 -1.20171 4.01219 -0.888507 4.17863
6 -1.20103 5.67341 -0.930505 5.19997 -0.727645 5.27379 -0.529594 5.37257 -0.320245 5.44612 -0.420227 5.96017
6 0.966905 0.534517 0.713613 0.911684 0.542996 0.809636 0.377371 0.68712 0.218966 0.552261 0.40501 0.20413
16 1.11411 1.02675 1.3048 1.08721 1.4644 1.17707 1.60385 1.29842 1.71273 1.43347 1.75987 1.53052 1.78676 1.63489 1.82437 1.73244 1.56185 1.81793 1.29831 1.85735 1.03489 1.84049 0.761268 1.76039 0.493661 1.63115 0.215297 1.52244 0.713613 0.911684 0.907609 0.989394
18 1.56185 1.81793 1.82437 1.73244 1.93588 1.93814 2.05897 2.13588 2.14357 2.34203 2.17008 2.51627 2.16285 2.69195 2.17386 2.84425 1.84225 2.88971 1.50901 2.90798 1.20377 2.85267 0.932698 2.7562 0.671462 2.63101 0.368563 2.38421 0.610299 2.22898 0.831777 2.04224 1.03489 1.84049 1.29831 1.85735
18 1.84225 2.88971 2.17386 2.84425 2.22964 3.07559 2.30085 3.28203 2.3223 3.48391 2.27757 3.75473 2.18188 4.01202 2.07902 4.30569 1.78038 4.20888 1.47819 4.13267 1.20171 4.01219 0.940365 3.85873 0.690682 3.6851 0.405907 3.39737 0.688749 3.24236 0.954246 3.05573 1.20377 2.85267 1.50901 2.90798
16 1.78038 4.20888 2.07902 4.30569 2.05081 4.42566 2.01428 4.58376 1.9517 4.72434 1.8339 4.88064 1.68562 5.01041 1.52697 5.09562 1.32848 5.14643 1.12507 5.16193 0.930505 5.19997 0.248653 4.46715 0.574299 4.33274 0.89098 4.17736 1.20171 4.01219 1.47819 4.13267
6 1.20103 5.67341 0.930505 5.19997 1.12507 5.16193 1.32848 5.14643 1.52697 5.09562 1.70106 5.33351
7 -1.45261 0.887182 -1.3048 1.08721 -1.45571 1.17095 -1.59634 1.29082 -1.71273 1.43347 -1.88035 1.28839 -1.79626 1.19969
8 -2.11218 1.57108 -2.01213 1.63758 -1.90833 1.69467 -1.82437 1.73244 -1.93234 1.93238 -2.05485 2.12836 -2.14357 2.34203 -2.46767 2.22227
8 -2.62597 2.75415 -2.47578 2.78795 -2.32498 2.81795 -2.17386 2.84425 -2.22607 3.06471 -2.29756 3.26897 -2.3223 3.48391 -2.73362 3.47643
8 -2.44965 4.49285 -2.32883 4.42205 -2.20474 4.35965 -2.07902 4.30569 -2.05192 4.42095 -2.0162 4.57757 -1.9517 4.72434 -2.15599 4.88984
7 -2.15599 4.88984 -1.9517 4.72434 -1.84349 4.87028 -1.69753 5.00197 -1.52696 5.09562 -1.70106 5.33351 -2.03001 5.02867
7 1.88035 1.28839 1.71273 1.43347 1.60385 1.29842 1.4644 1.17707 1.3048 1.08721 1.45261 0.887182 1.79626 1.19969
8 2.11218 1.57108 2.01419 1.63634 1.91042 1.69362 1.82437 1.73244 1.78676 1.63489 1.75987 1.53052 1.71273 1.43347 1.88035 1.28839
8 2.62597 2.75415 2.47578 2.78795 2.32498 2.81795 2.17386 2.84425 2.16285 2.69195 2.17008 2.51627 2.14357 2.34203 2.46767 2.22227
8 2.44965 4.49285 2.32883 4.42205 2.20474 4.35965 2.07902 4.30569 2.18188 4.01202 2.27757 3.75473 2.3223 3.48391 2.73362 3.47643
7 1.70106 5.33351 1.52697 5.09562 1.68562 5.01041 1.8339 4.88064 1.9517 4.72434 2.15599 4.88984 2.03001 5.02867
